1779110657689 0.43231 0
1779111048763 0.46902 1
1779111430409 0.53559 2
1779111809319 0.57324 3
1779112186316 0.62172 4
1779112564075 0.61723 5
1779112935962 0.64089 6
1779113308928 0.7112 7
1779113681735 0.69163 8
1779114052254 0.70189 9
1779114423484 0.73791 10
1779114789822 0.72089 11
1779115153243 0.73123 12
1779115517850 0.75145 13
1779115886653 0.73946 14
1779116254128 0.7764 15
1779116622959 0.74796 16
1779116993718 0.73574 17
1779117363103 0.7295 18
1779117732506 0.72904 19
1779118144074 0.72092 20
1779118507184 0.75417 21
1779118873697 0.77137 22
1779119236206 0.75689 23
1779119599184 0.74537 24
1779119965811 0.75038 25
1779120333833 0.75969 26
1779120700737 0.7673 27
1779121067109 0.74513 28
1779121431170 0.76398 29
1779121450808 0.7641530179223154 29
