1779110657689 0.20982 0
1779111048763 0.23829 1
1779111430409 0.28149 2
1779111809319 0.30982 3
1779112186316 0.34204 4
1779112564075 0.34579 5
1779112935962 0.37492 6
1779113308928 0.40508 7
1779113681735 0.40585 8
1779114052254 0.41072 9
1779114423484 0.4291 10
1779114789822 0.43573 11
1779115153243 0.43893 12
1779115517850 0.45164 13
1779115886653 0.45637 14
1779116254128 0.46404 15
1779116622959 0.45831 16
1779116993718 0.45868 17
1779117363103 0.45946 18
1779117732506 0.46717 19
1779118144074 0.4654 20
1779118507184 0.47654 21
1779118873697 0.4907 22
1779119236206 0.4877 23
1779119599184 0.48783 24
1779119965811 0.49027 25
1779120333833 0.49333 26
1779120700737 0.4934 27
1779121067109 0.49202 28
1779121431170 0.49871 29
1779121450808 0.4983078266495651 29
