1779110657689 0.6821 0
1779111048763 0.54075 1
1779111430409 0.70258 2
1779111809319 0.80485 3
1779112186316 0.80933 4
1779112564075 0.6356 5
1779112935962 0.66136 6
1779113308928 0.80731 7
1779113681735 0.72211 8
1779114052254 0.80155 9
1779114423484 0.78864 10
1779114789822 0.75036 11
1779115153243 0.77355 12
1779115517850 0.7884 13
1779115886653 0.79419 14
1779116254128 0.85606 15
1779116622959 0.77686 16
1779116993718 0.82219 17
1779117363103 0.75326 18
1779117732506 0.72043 19
1779118144074 0.75755 20
1779118507184 0.79295 21
1779118873697 0.82578 22
1779119236206 0.76784 23
1779119599184 0.78792 24
1779119965811 0.78843 25
1779120333833 0.75396 26
1779120700737 0.76514 27
1779121067109 0.75738 28
1779121431170 0.82289 29
1779121450808 0.8228078248537877 29
