1779110657689 0.40527 0
1779111048763 0.43762 1
1779111430409 0.49258 2
1779111809319 0.49354 3
1779112186316 0.51565 4
1779112564075 0.5708 5
1779112935962 0.58717 6
1779113308928 0.62482 7
1779113681735 0.66574 8
1779114052254 0.62522 9
1779114423484 0.6927 10
1779114789822 0.65321 11
1779115153243 0.67228 12
1779115517850 0.70982 13
1779115886653 0.65515 14
1779116254128 0.69601 15
1779116622959 0.69887 16
1779116993718 0.67323 17
1779117363103 0.69559 18
1779117732506 0.71224 19
1779118144074 0.65763 20
1779118507184 0.69908 21
1779118873697 0.69742 22
1779119236206 0.72683 23
1779119599184 0.69586 24
1779119965811 0.69627 25
1779120333833 0.73176 26
1779120700737 0.74218 27
1779121067109 0.71585 28
1779121431170 0.70267 29
1779121450808 0.7023321837469358 29
