1778514048763 1.51403 0
1778514327533 1.50901 1
1778514603216 1.59145 2
1778514877611 1.65322 3
1778515149930 1.57145 4
1778515424737 1.51558 5
1778515698822 1.47265 6
1778515974678 1.44786 7
1778516251618 1.41128 8
1778516527385 1.37666 9
1778516803308 1.35767 10
1778517076736 1.33769 11
1778517351318 1.31787 12
1778517629245 1.30675 13
1778517906079 1.28993 14
1778518181730 1.27987 15
1778518458020 1.26111 16
1778518734855 1.24722 17
1778519012482 1.23254 18
1778519287226 1.21655 19
1778519563403 1.20275 20
1778519842463 1.19067 21
1778520119806 1.17848 22
1778520399378 1.16193 23
1778520677614 1.15166 24
1778520956290 1.14119 25
1778521234170 1.12279 26
1778521511841 1.11563 27
1778521789743 1.09636 28
1778522067226 1.08591 29
1778522388696 1.04262 30
1778522664048 1.00687 31
1778522937460 0.98572 32
1778523210800 0.96391 33
1778523483990 0.94258 34
1778523757882 0.91862 35
1778524031405 0.89855 36
1778524305223 0.87515 37
1778524579026 0.86571 38
1778524851154 0.84508 39
