1778514048763 3.09875 0
1778514327533 2.28332 1
1778514603216 2.14012 2
1778514877611 2.08207 3
1778515149930 1.85154 4
1778515424737 1.71023 5
1778515698822 1.60953 6
1778515974678 1.53701 7
1778516251618 1.4566 8
1778516527385 1.40124 9
1778516803308 1.34478 10
1778517076736 1.3017 11
1778517351318 1.25398 12
1778517629245 1.23756 13
1778517906079 1.20518 14
1778518181730 1.17794 15
1778518458020 1.14176 16
1778518734855 1.11982 17
1778519012482 1.09695 18
1778519287226 1.06419 19
1778519563403 1.04561 20
1778519842463 1.01828 21
1778520119806 1.00551 22
1778520399378 0.98618 23
1778520677614 0.96497 24
1778520956290 0.94354 25
1778521234170 0.92495 26
1778521511841 0.91483 27
1778521789743 0.89326 28
1778522067226 0.87355 29
1778522388696 0.65097 30
1778522664048 0.61366 31
1778522937460 0.59249 32
1778523210800 0.57698 33
1778523483990 0.55321 34
1778523757882 0.53639 35
1778524031405 0.52029 36
1778524305223 0.50386 37
1778524579026 0.49603 38
1778524851154 0.48081 39
