1778514048763 1.68561 0
1778514327533 1.63652 1
1778514603216 1.70797 2
1778514877611 1.77337 3
1778515149930 1.71211 4
1778515424737 1.66055 5
1778515698822 1.62376 6
1778515974678 1.59836 7
1778516251618 1.5674 8
1778516527385 1.54282 9
1778516803308 1.52468 10
1778517076736 1.50436 11
1778517351318 1.48449 12
1778517629245 1.47666 13
1778517906079 1.46181 14
1778518181730 1.45319 15
1778518458020 1.43814 16
1778518734855 1.42512 17
1778519012482 1.41355 18
1778519287226 1.40185 19
1778519563403 1.39239 20
1778519842463 1.38142 21
1778520119806 1.37068 22
1778520399378 1.35654 23
1778520677614 1.35054 24
1778520956290 1.34068 25
1778521234170 1.32692 26
1778521511841 1.32066 27
1778521789743 1.30958 28
1778522067226 1.30214 29
1778522388696 1.30169 30
1778522664048 1.27376 31
1778522937460 1.25671 32
1778523210800 1.23992 33
1778523483990 1.22192 34
1778523757882 1.20657 35
1778524031405 1.19567 36
1778524305223 1.17548 37
1778524579026 1.16773 38
1778524851154 1.15241 39
