1779110634916 0.00037019347935548846 0
1779111028132 0.0007160894278700906 1
1779111409610 0.001037543376384693 2
1779111788765 0.001001011 3
1779112166540 0.000964348 4
1779112544991 0.0009276850000000001 5
1779112916843 0.0008910220000000001 6
1779113289646 0.0008543589999999998 7
1779113662207 0.0008176960000000001 8
1779114032468 0.000781033 9
1779114404239 0.0007443700000000001 10
1779114771379 0.000707707 11
1779115135045 0.000671044 12
1779115499045 0.0006343809999999999 13
1779115867885 0.000597718 14
1779116235083 0.000561055 15
1779116604013 0.000524392 16
1779116973830 0.000487729 17
1779117344773 0.000451066 18
1779117713218 0.00041440300000000004 19
1779118125239 0.00037774000000000005 20
1779118488640 0.00034107700000000007 21
1779118854317 0.0003044140000000001 22
1779119217410 0.00026775099999999994 23
1779119580966 0.00023108799999999995 24
1779119947496 0.00019442499999999997 25
1779120314804 0.00015776199999999998 26
1779120681460 0.00012109899999999997 27
1779121048201 8.443599999999999e-05 28
1779121412561 4.7773e-05 29
