1 0.026172 0.467685 0.052344 0.09870799999999999
1 0.058203 0.5611044999999999 0.116406 0.07873100000000001
1 0.1097655 0.6327849999999999 0.219531 0.17978799999999992
1 0.2816405 0.772033 0.236719 0.39953
1 0.3871095 0.3378375 0.04921900000000001 0.052879000000000016
1 0.5 0.329025 0.03750000000000003 0.023502000000000047
1 0.5179685 0.3419505 0.03281300000000009 0.03995300000000002
1 0.5453125000000001 0.35311400000000004 0.05312499999999998 0.04817800000000002
1 0.59375 0.363102 0.059376000000000095 0.049353999999999995
1 0.6546875000000001 0.36604 0.057813 0.06932999999999996
1 0.7074214999999999 0.3601645 0.06796900000000006 0.055228999999999966
1 0.7585935 0.377791 0.059374999999999956 0.05758000000000001
1 0.8390625 0.39424200000000004 0.089063 0.04817800000000002
1 0.9082030000000001 0.40599299999999994 0.07734399999999997 0.07167999999999994
1 0.975 0.45123399999999997 0.04843799999999998 0.05405399999999997