1 0.8371875 0.433022 0.12812500000000004 0.29906600000000005
1 0.25 0.4646935 0.0625 0.154725
1 0.35843749999999996 0.716511 0.03812500000000002 0.340602
1 0.5409375000000001 0.401869 0.04437499999999994 0.251298
1 0.5859375 0.721184 0.034375000000000044 0.331256
1 0.6325000000000001 0.4454830000000001 0.09999999999999998 0.32191000000000003
1 0.7275 0.45067500000000005 0.09750000000000003 0.328142
1 0.7153125 0.6562825 0.026874999999999982 0.32191100000000006
1 0.8356250000000001 0.684839 0.0675 0.36241
1 0.9434374999999999 0.396677 0.083125 0.23676
1 0.96625 0.6126685 0.018749999999999933 0.21806899999999996