3 0.2283653846153846 0.6759656652360515 0.23798076923076922 0.5836909871244635
3 0.056490384615384616 0.7918454935622318 0.11298076923076923 0.3905579399141631
3 0.5 0.6416309012875536 0.23317307692307693 0.630901287553648
3 0.6634615384615384 0.7103004291845494 0.1971153846153846 0.48497854077253216
3 0.9086538461538461 0.7188841201716738 0.17548076923076922 0.3948497854077253
3 0.36538461538461536 0.2854077253218884 0.17067307692307693 0.3948497854077253
3 0.7331730769230769 0.26394849785407726 0.1875 0.33905579399141633
3 0.5913461538461539 0.15879828326180256 0.19230769230769232 0.31759656652360513
3 0.25721153846153844 0.12017167381974249 0.18509615384615385 0.24034334763948498
3 0.4375 0.07939914163090128 0.11057692307692307 0.15879828326180256
3 0.9110576923076923 0.09871244635193133 0.12740384615384615 0.19742489270386265