3 0.3605769230769231 0.6121794871794872 0.19230769230769232 0.375
3 0.14182692307692307 0.6025641025641025 0.16346153846153846 0.28205128205128205
3 0.5673076923076923 0.5576923076923077 0.15865384615384615 0.30128205128205127
3 0.7355769230769231 0.6378205128205128 0.17067307692307693 0.4166666666666667
3 0.9134615384615384 0.6089743589743589 0.1658653846153846 0.3108974358974359
3 0.9182692307692307 0.07692307692307693 0.1346153846153846 0.15064102564102563
3 0.6009615384615384 0.2532051282051282 0.15384615384615385 0.26282051282051283
3 0.21394230769230768 0.2403846153846154 0.12259615384615384 0.2724358974358974
3 0.3389423076923077 0.21794871794871795 0.11778846153846154 0.25961538461538464
3 0.6995192307692307 0.05128205128205128 0.08653846153846154 0.09615384615384616
3 0.47836538461538464 0.25 0.14182692307692307 0.25961538461538464