1779110634916 1.62492 0
1779111028132 1.63707 1
1779111409610 1.62485 2
1779111788765 1.57806 3
1779112166540 1.52527 4
1779112544991 1.48909 5
1779112916843 1.45423 6
1779113289646 1.42484 7
1779113662207 1.40453 8
1779114032468 1.38156 9
1779114404239 1.36415 10
1779114771379 1.35002 11
1779115135045 1.33146 12
1779115499045 1.31509 13
1779115867885 1.30198 14
1779116235083 1.28294 15
1779116604013 1.27581 16
1779116973830 1.26089 17
1779117344773 1.24458 18
1779117713218 1.23233 19
1779118125239 1.22011 20
1779118488640 1.1977 21
1779118854317 1.1684 22
1779119217410 1.14906 23
1779119580966 1.12817 24
1779119947496 1.10644 25
1779120314804 1.08422 26
1779120681460 1.06781 27
1779121048201 1.05085 28
1779121412561 1.03258 29
