1779110634916 2.51421 0
1779111028132 1.91888 1
1779111409610 1.82314 2
1779111788765 1.70017 3
1779112166540 1.59354 4
1779112544991 1.50834 5
1779112916843 1.44558 6
1779113289646 1.37893 7
1779113662207 1.33366 8
1779114032468 1.29424 9
1779114404239 1.24689 10
1779114771379 1.22364 11
1779115135045 1.18051 12
1779115499045 1.14766 13
1779115867885 1.12525 14
1779116235083 1.08848 15
1779116604013 1.07656 16
1779116973830 1.05481 17
1779117344773 1.02263 18
1779117713218 1.00204 19
1779118125239 0.76603 20
1779118488640 0.72997 21
1779118854317 0.7023 22
1779119217410 0.67614 23
1779119580966 0.65594 24
1779119947496 0.63436 25
1779120314804 0.61638 26
1779120681460 0.59826 27
1779121048201 0.58336 28
1779121412561 0.57079 29
