1779110634916 1.69999 0
1779111028132 1.71494 1
1779111409610 1.69901 2
1779111788765 1.66616 3
1779112166540 1.61898 4
1779112544991 1.59005 5
1779112916843 1.56132 6
1779113289646 1.53697 7
1779113662207 1.51669 8
1779114032468 1.49749 9
1779114404239 1.48424 10
1779114771379 1.47371 11
1779115135045 1.45146 12
1779115499045 1.44144 13
1779115867885 1.43685 14
1779116235083 1.41695 15
1779116604013 1.41177 16
1779116973830 1.40175 17
1779117344773 1.38646 18
1779117713218 1.37727 19
1779118125239 1.38804 20
1779118488640 1.37505 21
1779118854317 1.3528 22
1779119217410 1.33976 23
1779119580966 1.32424 24
1779119947496 1.30545 25
1779120314804 1.28604 26
1779120681460 1.2752 27
1779121048201 1.2621 28
1779121412561 1.24869 29
