1 0.2283653846153846 0.6754807692307693 0.23798076923076922 0.5841346153846154
1 0.056490384615384616 0.7920673076923077 0.11298076923076923 0.390625
1 0.5 0.6418269230769231 0.23317307692307693 0.6310096153846154
1 0.6634615384615384 0.7103365384615384 0.1971153846153846 0.4855769230769231
1 0.9086538461538461 0.71875 0.17548076923076922 0.3954326923076923
1 0.36538461538461536 0.2848557692307692 0.17067307692307693 0.3954326923076923
1 0.7331730769230769 0.2644230769230769 0.1875 0.3389423076923077
1 0.5913461538461539 0.15865384615384615 0.19230769230769232 0.3173076923076923
1 0.25721153846153844 0.1201923076923077 0.18509615384615385 0.2403846153846154
1 0.4375 0.07932692307692307 0.11057692307692307 0.15865384615384615
1 0.9110576923076923 0.0985576923076923 0.12740384615384615 0.1971153846153846