1 0.3605769230769231 0.6117788461538461 0.19230769230769232 0.375
1 0.14182692307692307 0.6021634615384616 0.16346153846153846 0.2824519230769231
1 0.5673076923076923 0.5576923076923077 0.15865384615384615 0.3016826923076923
1 0.7355769230769231 0.6382211538461539 0.17067307692307693 0.4170673076923077
1 0.9134615384615384 0.609375 0.1658653846153846 0.3112980769230769
1 0.9182692307692307 0.07692307692307693 0.1346153846153846 0.1502403846153846
1 0.6009615384615384 0.2536057692307692 0.15384615384615385 0.26322115384615385
1 0.21394230769230768 0.2403846153846154 0.12259615384615384 0.27283653846153844
1 0.3389423076923077 0.21754807692307693 0.11778846153846154 0.25961538461538464
1 0.6995192307692307 0.051682692307692304 0.08653846153846154 0.09615384615384616
1 0.47836538461538464 0.25 0.14182692307692307 0.25961538461538464