1778514056128 0.29298 0
1778514333950 0.30559 1
1778514609716 0.21046 2
1778514883916 0.28153 3
1778515156237 0.33223 4
1778515431099 0.37021 5
1778515705351 0.38588 6
1778515981088 0.41104 7
1778516257876 0.43013 8
1778516533650 0.44116 9
1778516809502 0.45024 10
1778517083063 0.46129 11
1778517357756 0.47941 12
1778517635647 0.48081 13
1778517912459 0.49505 14
1778518188063 0.495 15
1778518464381 0.50463 16
1778518741154 0.50834 17
1778519018977 0.50864 18
1778519293431 0.52009 19
1778519569754 0.53189 20
1778519848647 0.53433 21
1778520126127 0.53216 22
1778520405618 0.53442 23
1778520683902 0.53917 24
1778520962783 0.54455 25
1778521240392 0.54971 26
1778521518206 0.5526 27
1778521795951 0.55297 28
1778522073415 0.55669 29
1778522395017 0.55411 30
1778522670120 0.55491 31
1778522943632 0.55645 32
1778523216875 0.56408 33
1778523490263 0.5628 34
1778523764163 0.56352 35
1778524037565 0.56505 36
1778524311420 0.56558 37
1778524585434 0.56585 38
1778524857506 0.56599 39
1778524865486 0.5656560384012915 39
