1778514056128 0.55541 0
1778514333950 0.5643 1
1778514609716 0.39223 2
1778514883916 0.50596 3
1778515156237 0.58784 4
1778515431099 0.64016 5
1778515705351 0.67163 6
1778515981088 0.70633 7
1778516257876 0.72867 8
1778516533650 0.74393 9
1778516809502 0.75679 10
1778517083063 0.76678 11
1778517357756 0.77142 12
1778517635647 0.78115 13
1778517912459 0.80106 14
1778518188063 0.80178 15
1778518464381 0.80157 16
1778518741154 0.80449 17
1778519018977 0.79957 18
1778519293431 0.81517 19
1778519569754 0.82866 20
1778519848647 0.8266 21
1778520126127 0.82593 22
1778520405618 0.82376 23
1778520683902 0.83072 24
1778520962783 0.83386 25
1778521240392 0.84005 26
1778521518206 0.83783 27
1778521795951 0.83831 28
1778522073415 0.83993 29
1778522395017 0.83499 30
1778522670120 0.83835 31
1778522943632 0.84301 32
1778523216875 0.84629 33
1778523490263 0.84129 34
1778523764163 0.84002 35
1778524037565 0.84099 36
1778524311420 0.84042 37
1778524585434 0.84238 38
1778524857506 0.84006 39
1778524865486 0.840024925988487 39
