1778514056128 0.60358 0
1778514333950 0.60538 1
1778514609716 0.47224 2
1778514883916 0.55916 3
1778515156237 0.68592 4
1778515431099 0.70775 5
1778515705351 0.75113 6
1778515981088 0.76037 7
1778516257876 0.79497 8
1778516533650 0.78014 9
1778516809502 0.81309 10
1778517083063 0.79883 11
1778517357756 0.80161 12
1778517635647 0.81367 13
1778517912459 0.82672 14
1778518188063 0.82367 15
1778518464381 0.82463 16
1778518741154 0.84422 17
1778519018977 0.81911 18
1778519293431 0.83136 19
1778519569754 0.86664 20
1778519848647 0.88201 21
1778520126127 0.86483 22
1778520405618 0.87384 23
1778520683902 0.86493 24
1778520962783 0.87968 25
1778521240392 0.88864 26
1778521518206 0.85836 27
1778521795951 0.87554 28
1778522073415 0.88033 29
1778522395017 0.8591 30
1778522670120 0.8601 31
1778522943632 0.87174 32
1778523216875 0.88104 33
1778523490263 0.87472 34
1778523764163 0.87754 35
1778524037565 0.89077 36
1778524311420 0.88928 37
1778524585434 0.89273 38
1778524857506 0.87333 39
1778524865486 0.8735355342968244 39
