1778514056128 0.52383 0
1778514333950 0.53929 1
1778514609716 0.39122 2
1778514883916 0.49504 3
1778515156237 0.49797 4
1778515431099 0.57595 5
1778515705351 0.58665 6
1778515981088 0.63348 7
1778516257876 0.65949 8
1778516533650 0.6723 9
1778516809502 0.66674 10
1778517083063 0.70054 11
1778517357756 0.68891 12
1778517635647 0.70947 13
1778517912459 0.72321 14
1778518188063 0.7319 15
1778518464381 0.73397 16
1778518741154 0.73284 17
1778519018977 0.73338 18
1778519293431 0.75968 19
1778519569754 0.77001 20
1778519848647 0.755 21
1778520126127 0.76874 22
1778520405618 0.74871 23
1778520683902 0.7649 24
1778520962783 0.76447 25
1778521240392 0.76821 26
1778521518206 0.77513 27
1778521795951 0.77816 28
1778522073415 0.77424 29
1778522395017 0.7773 30
1778522670120 0.78716 31
1778522943632 0.79381 32
1778523216875 0.7935 33
1778523490263 0.79047 34
1778523764163 0.78394 35
1778524037565 0.7838 36
1778524311420 0.79122 37
1778524585434 0.79178 38
1778524857506 0.80116 39
1778524865486 0.801093235773887 39
