1778514048763 0.003331689677843524 0
1778514327533 0.00650006369165023 1
1778514603216 0.009503437705456936 2
1778514877611 0.0092575 3
1778515149930 0.00901 4
1778515424737 0.0087625 5
1778515698822 0.008515 6
1778515974678 0.0082675 7
1778516251618 0.008020000000000001 8
1778516527385 0.0077725 9
1778516803308 0.007525 10
1778517076736 0.0072775 11
1778517351318 0.00703 12
1778517629245 0.0067825 13
1778517906079 0.006535 14
1778518181730 0.0062875000000000006 15
1778518458020 0.00604 16
1778518734855 0.005792499999999999 17
1778519012482 0.0055450000000000004 18
1778519287226 0.005297500000000001 19
1778519563403 0.00505 20
1778519842463 0.0048025 21
1778520119806 0.004555 22
1778520399378 0.0043075000000000006 23
1778520677614 0.00406 24
1778520956290 0.0038125 25
1778521234170 0.003565 26
1778521511841 0.0033175 27
1778521789743 0.0030700000000000007 28
1778522067226 0.0028225 29
1778522388696 0.002575 30
1778522664048 0.0023274999999999997 31
1778522937460 0.00208 32
1778523210800 0.0018325000000000006 33
1778523483990 0.0015850000000000003 34
1778523757882 0.0013375000000000001 35
1778524031405 0.0010899999999999998 36
1778524305223 0.0008424999999999995 37
1778524579026 0.0005950000000000005 38
1778524851154 0.00034750000000000026 39
